/dev/ttyACM1
2019-02-27 18:26:43
0700190007001900070019000700190007001900
070019000700190007001900070019000700190000000000000000000000
0700190007001900070019000700190007001900
070019000700190007001900070019000700190000000000000000000000
060320190603201906032019060320190603201907000700070007000700
060320190603201906032019060320190603201907000700070007000700
0700190007001900070019000700190007001900
070019000700190007001900070019000700190000000000000000000000
270320192703201927032019270320192703201907000700070007000700
270320192703201927032019270320192703201907000700070007000700
0700190007001900070019000700190007001900
070019000700190007001900070019000700190000000000000000000000
170420191704201917042019170420191704201907000700070007000700
170420191704201917042019170420191704201907000700070007000700
HH:MM:SS MO/DY/YEAR LED01 PIR01 LED02 PIR02 LED03 PIR03 LED04 PIR04 LED05 PIR05 LED06 PIR06 LED07 PIR07 LED08 PIR08 LED09 PIR09 LED10 PIR10
18:27:00 02/27/2019 00001 00991 00001 00982 00001 00991 00001 00945 00001 00966 00001 00934 00001 00991 00001 00984 00001 00985 00001 00984  
18:28:00 02/27/2019 00001 00991 00001 00991 00001 00991 00001 00991 00001 00991 00001 00991 00001 00991 00001 00991 00001 00991 00001 00991  
18:29:00 02/27/2019 00001 00991 00001 00991 00001 00991 00001 00991 00001 00991 00001 00991 00001 00991 00001 00991 00001 00991 00001 00991  
