COM4
2018-11-15 01:46:48
0700190007001900070019000700190007001900
070019000700190007001900070019000700190000000000000000000000
0700190007001900070019000700190007001900
070019000700190007001900070019000700190000000000000000000000
221120182211201822112018221120182211201807000700070007000700
221120182211201822112018221120182211201807000700070007000700
0700190007001900070019000700190007001900
070019000700190007001900070019000700190000000000000000000000
131220181312201813122018131220181312201807000700070007000700
131220181312201813122018131220181312201807000700070007000700
HH:MM:SS MO/DY/YEAR LED01 PIR01 LED02 PIR02 LED03 PIR03 LED04 PIR04 LED05 PIR05 LED06 PIR06 LED07 PIR07 LED08 PIR08 LED09 PIR09 LED10 PIR10
01:47:00 11/15/2018 00000 00000 00000 00000 00000 00000 00000 00000 00000 00000 00000 00000 00000 01000 00000 00000 00000 00000 00000 00000  
01:48:00 11/15/2018 00000 00000 00000 00000 00000 00000 00000 00000 00000 00000 00000 00000 00000 01000 00000 00000 00000 00000 00000 00000  
01:49:00 11/15/2018 00000 00000 00000 00000 00000 00000 00000 00000 00000 00000 00000 00000 00000 01000 00000 00000 00000 00000 00000 00000  
01:50:00 11/15/2018 00000 00000 00000 00000 00000 00000 00000 00000 00000 00000 00000 00000 00000 01000 00000 00000 00000 00000 00000 00000  
